[int_val_new_img]
name = "int_val_new_img"
size = [ 1280.0, 720.0]
matrix = [ [ 1167.376031936239, 0.0, 611.0159701464285], [ 0.0, 1170.995525981701, 342.61313974452077], [ 0.0, 0.0, 1.0]]
distortions = [ -0.006775532973651985, 0.030042995357666635, -0.004092101534792192, -0.008170841493636309]
rotation = [ 1.7031580346782398, 0.16978516587892808, -0.026910783816257253]
translation = [ -1.3877610808998586, 2.4002265889018877, 3.8104507401587933]
fisheye = false

[int_val_new_1_img]
name = "int_val_new_1_img"
size = [ 1280.0, 720.0]
matrix = [ [ 1167.376031936239, 0.0, 611.0159701464285], [ 0.0, 1170.995525981701, 342.61313974452077], [ 0.0, 0.0, 1.0]]
distortions = [ -0.006775532973651985, 0.030042995357666635, -0.004092101534792192, -0.008170841493636309]
rotation = [ 1.6988371835027842, 0.16772731008374225, -0.02782513741534784]
translation = [ -1.3858427277082996, 2.3743108754954885, 3.761454248601871]
fisheye = false

[metadata]
adjusted = false
error = 0.0
